
-----------------------------------------------------------------------------
   PRES   HGHT   TEMP   DWPT   RELH   MIXR   DRCT   SPED   THTA   THTE   THTV
    hPa      m      C      C      %   g/kg    deg    m/s      K      K      K 
-----------------------------------------------------------------------------
  966.0    345   21.6   19.7     89  15.11    160    3.6  297.7  341.7  300.4
  958.0    416   21.2   19.5     90  15.05    167    6.4  298.0  341.8  300.7
  936.6    610   20.4   19.2     93  15.09    185   13.9  299.1  343.3  301.8
  925.0    717   20.0   19.0     94  15.11    195   17.5  299.8  344.1  302.5
  909.0    868   19.0   18.8     99  15.19    214   19.9  300.2  344.9  303.0
  904.2    914   19.7   19.3     98  15.81    220   20.6  301.4  348.1  304.2
  893.0   1022   21.2   20.6     96  17.35    224   19.3  304.0  355.9  307.2
  879.0   1160   24.0   13.0     50  10.77    228   17.7  308.3  341.3  310.3
  873.1   1219   23.9   11.0     44   9.49    230   17.0  308.7  338.0  310.5
  863.0   1321   23.6    7.6     36   7.61    226   15.0  309.5  333.2  310.9
  850.0   1453   22.6    4.6     31   6.27    220   12.4  309.8  329.4  311.0
  817.0   1795   20.2   -3.8     20   3.53    220   10.5  310.8  322.2  311.5
  813.8   1829   19.9   -4.1     19   3.48    220   10.3  310.9  322.1  311.5
  785.3   2134   17.7   -6.3     19   3.03    235    8.8  311.6  321.5  312.2
  770.0   2302   16.4   -7.6     19   2.80    232    9.6  312.0  321.2  312.5
  757.6   2438   15.1   -7.7     20   2.83    230   10.3  312.0  321.3  312.6
  730.5   2743   12.1   -7.9     24   2.88    225   10.8  312.1  321.5  312.6
  701.0   3088    8.8   -8.2     29   2.94    220   12.8  312.1  321.7  312.6
  700.0   3100    8.6   -8.4     29   2.90    220   12.9  312.0  321.5  312.5
  653.6   3658    3.8  -11.3     32   2.47    215   18.5  312.7  320.9  313.2
  628.0   3984    1.0  -13.0     34   2.24    220   18.3  313.1  320.6  313.5
  605.7   4267   -1.6  -14.0     38   2.14    225   18.0  313.4  320.5  313.8
  582.6   4572   -4.4  -15.1     43   2.03    235   16.5  313.6  320.4  314.0
  560.4   4877   -7.2  -16.2     49   1.93    235   18.0  313.8  320.2  314.1
  524.0   5403  -12.1  -18.1     61   1.76    248   26.0  314.0  319.9  314.3
  518.3   5486  -12.5  -19.7     55   1.55    250   27.3  314.4  319.7  314.7
  504.0   5700  -13.7  -23.7     43   1.12    250   24.1  315.6  319.5  315.8
  500.0   5760  -14.1  -24.1     43   1.09    250   23.2  315.8  319.6  316.0
  485.0   5991  -16.1  -25.1     46   1.03    247   24.9  316.1  319.7  316.3
  479.0   6085  -15.3  -30.3     27   0.64    245   25.7  318.2  320.5  318.3
  478.3   6096  -15.3  -30.8     25   0.62    245   25.7  318.3  320.6  318.4
  472.0   6197  -15.3  -35.3     16   0.40    245   25.9  319.5  321.0  319.6
  468.0   6262  -13.9  -41.9      7   0.21    245   25.9  322.1  322.9  322.1
  446.0   6627  -15.5  -49.5      4   0.09    245   26.3  324.5  324.9  324.5
  400.0   7440  -22.7  -51.7      5   0.08    245   27.3  325.4  325.7  325.4
  390.2   7620  -24.3  -52.4      6   0.08    240   28.3  325.6  325.9  325.6
  389.0   7643  -24.5  -52.5      6   0.08    240   28.5  325.6  326.0  325.7
  373.9   7925  -26.5  -53.4      6   0.07    240   30.4  326.7  327.0  326.8
  314.9   9144  -35.0  -57.3      9   0.05    250   29.3  331.3  331.5  331.3
  312.0   9209  -35.5  -57.5      9   0.05    250   29.2  331.5  331.7  331.5
  301.4   9449  -37.6  -58.7      9   0.05    250   28.8  331.8  332.0  331.8
  300.0   9480  -37.9  -58.9      9   0.05    250   28.8  331.8  332.0  331.8
  251.6  10668  -48.3  -63.5     16   0.03    240   26.8  333.5  333.6  333.5
  250.0  10710  -48.7  -63.7     16   0.03    240   26.8  333.5  333.7  333.5
  247.0  10789  -49.5  -63.5     18   0.03    240   27.2  333.5  333.6  333.5
  210.0  11830  -56.3  -68.3     21   0.02    240   33.5  338.7  338.8  338.7
  208.1  11887  -55.9  -68.1     21   0.02    245   36.0  340.2  340.3  340.2
  205.0  11983  -55.2  -67.9     20   0.02    245   36.0  342.8  342.9  342.8
  203.0  12045  -54.7  -67.7     19   0.02    247   35.8  344.5  344.6  344.5
  200.0  12140  -54.7  -67.7     19   0.02    250   35.5  346.0  346.1  346.0
  193.0  12368  -55.1  -68.1     19   0.02    250   35.3  348.9  349.0  348.9
  191.0  12435  -53.9  -66.9     19   0.03    250   35.3  351.9  352.0  351.9
  185.0  12640  -54.7  -67.7     19   0.02    250   35.1  353.8  353.9  353.8
  183.0  12710  -53.3  -66.3     19   0.03    250   35.1  357.2  357.3  357.2
  180.4  12802  -53.0  -66.5     18   0.03    250   35.0  359.1  359.2  359.1
  178.0  12889  -52.7  -66.7     17   0.03    250   33.2  361.0  361.1  361.0
  167.0  13301  -54.3  -67.3     19   0.03    250   24.5  364.9  365.1  365.0
  164.2  13411  -54.0  -67.0     19   0.03    250   22.1  367.3  367.4  367.3
  162.0  13496  -53.7  -66.7     19   0.03    252   22.0  369.1  369.3  369.1
  151.0  13948  -55.7  -68.7     19   0.03    264   21.2  373.2  373.3  373.2
  150.0  13990  -55.5  -68.5     19   0.03    265   21.1  374.2  374.4  374.3
  147.0  14119  -55.5  -68.5     19   0.03    263   20.4  376.4  376.6  376.4
  140.0  14429  -57.7  -70.7     18   0.02    260   18.6  377.8  377.9  377.8
  138.0  14520  -56.3  -69.3     18   0.03    259   18.1  381.9  382.0  381.9
  136.0  14613  -56.3  -69.3     18   0.03    258   17.5  383.5  383.6  383.5
  123.0  15240  -61.4  -73.1     20   0.02    250   13.9  385.4  385.5  385.4
  116.0  15606  -64.3  -75.3     21   0.01    264   13.7  386.5  386.6  386.5
  108.0  16042  -66.1  -77.1     21   0.01    281   13.5  391.1  391.1  391.1
  105.0  16213  -65.7  -76.7     21   0.01    288   13.5  395.0  395.0  395.0
  102.0  16389  -66.7  -77.7     21   0.01    295   13.4  396.3  396.4  396.3
  101.0  16449  -64.9  -75.9     21   0.01    302   12.1  400.9  401.0  400.9
  100.0  16510  -63.5  -74.5     22   0.02    310   10.8  404.8  404.9  404.8
   97.3  16679  -61.5  -73.5     19   0.02      6    5.0  411.8  412.0  411.8
   96.0  16764  -62.0  -73.9     20   0.02     35    2.1  412.5  412.7  412.5
   91.3  17069  -63.7  -75.2     20   0.02    120    5.2  415.0  415.1  415.0
   85.7  17456  -65.9  -76.9     21   0.01    175    3.2  418.2  418.3  418.2
   79.6  17904  -65.5  -76.5     21   0.02    239    0.9  427.9  428.0  427.9
   78.6  17983  -65.7  -76.7     21   0.02    250    0.5  429.1  429.1  429.1
   74.7  18288  -66.6  -77.6     21   0.01    205    4.1  433.5  433.6  433.5
   70.0  18680  -67.7  -78.7     20   0.01    305    2.6  439.2  439.3  439.2
   69.1  18758  -65.7  -76.7     21   0.02    310    2.7  445.1  445.2  445.1
   67.0  18945  -66.5  -77.5     21   0.02    324    3.1  447.3  447.4  447.3
   63.5  19273  -63.7  -75.7     19   0.02    346    3.8  460.4  460.6  460.4
   55.3  20117  -65.1  -76.1     21   0.02     45    5.7  475.7  475.9  475.7
   55.3  20118  -65.1  -76.1     21   0.02     45    5.7  475.8  475.9  475.8
   52.6  20422  -62.2  -73.9     20   0.03     75   10.3  489.3  489.6  489.3
   51.7  20532  -61.1  -73.1     20   0.04     86    9.0  494.3  494.6  494.3
   50.1  20726  -61.5  -73.5     19   0.04    105    6.7  497.9  498.1  497.9
   50.0  20740  -61.5  -73.5     19   0.04    105    6.7  498.1  498.4  498.1
   49.4  20815  -61.3  -73.3     20   0.04     95    7.0  500.3  500.6  500.3
   47.7  21031  -60.2  -72.6     19   0.05     65    7.7  508.0  508.3  508.0
   45.4  21336  -58.6  -71.6     18   0.06     85    7.7  518.9  519.3  518.9
   45.3  21356  -58.5  -71.5     18   0.06     85    7.8  519.6  520.1  519.7
   43.3  21641  -58.2  -71.4     18   0.06     80    8.2  527.0  527.5  527.0
   39.3  22250  -57.7  -71.1     17   0.07    115    6.7  543.1  543.6  543.1
   37.5  22555  -57.4  -71.0     17   0.07     90    6.2  551.3  551.9  551.4
   35.7  22860  -57.2  -70.8     17   0.08     60    4.1  559.7  560.3  559.7
   34.0  23165  -56.9  -70.7     16   0.08     60   10.3  568.2  568.8  568.2
   32.4  23470  -56.6  -70.6     16   0.09     80   11.8  576.8  577.5  576.8
   31.6  23629  -56.5  -70.5     16   0.09     82   10.3  581.3  582.1  581.4
   30.0  23960  -54.5  -69.5     14   0.11     85    7.2  595.5  596.4  595.5
   28.1  24384  -53.2  -69.0     13   0.13     95    7.2  610.5  611.6  610.5
   27.7  24473  -52.9  -68.9     13   0.13     93    7.1  613.7  614.8  613.7
   26.2  24831  -53.9  -69.9     13   0.12     86    6.5  620.7  621.7  620.7
   22.9  25698  -52.7  -70.7     10   0.13     68    5.0  648.5  649.7  648.6
   20.0  26580  -49.1  -72.1      5   0.12     50    3.6  685.1  686.3  685.2
   19.9  26613  -48.9  -71.9      5   0.12     50    3.8  686.7  687.9  686.8
   17.7  27377  -51.7  -73.7      6   0.11     59    7.5  701.2  702.3  701.3
   17.6  27432  -51.4  -73.8      5   0.11     60    7.7  704.0  705.0  704.0
   15.3  28346  -45.7  -74.8      2   0.11    230    3.1  751.3  752.4  751.4
   15.0  28467  -44.9  -74.9      2   0.11                757.8  758.9  757.8
