
-----------------------------------------------------------------------------
   PRES   HGHT   TEMP   DWPT   RELH   MIXR   DRCT   SPED   THTA   THTE   THTV
    hPa      m      C      C      %   g/kg    deg    m/s      K      K      K 
-----------------------------------------------------------------------------
  835.0   1611   11.2    6.3     72   7.19    170    3.1  299.4  320.8  300.7
  833.0   1631   11.8    4.8     62   6.49    173    3.6  300.2  319.7  301.4
  823.0   1732   12.8    2.8     51   5.69    187    6.2  302.3  319.7  303.4
  817.0   1793   15.2    3.2     45   5.90    195    7.8  305.5  323.7  306.6
  813.6   1829   15.3    3.1     44   5.88    200    8.8  305.9  324.1  307.0
  800.0   1971   15.6    2.6     42   5.78    202    7.3  307.8  325.8  308.8
  784.7   2134   15.0    1.0     39   5.25    205    5.7  308.8  325.3  309.8
  756.9   2438   13.8   -2.0     34   4.37    225    2.1  310.7  324.6  311.5
  753.0   2481   13.6   -2.4     33   4.26    231    2.1  311.0  324.6  311.8
  729.7   2743   11.5   -4.0     33   3.89    265    2.6  311.5  324.0  312.2
  700.0   3088    8.8   -6.2     34   3.44    235    4.1  312.2  323.4  312.8
  659.0   3584    5.2  -11.8     28   2.35    231    7.2  313.6  321.4  314.0
  652.9   3658    4.5  -12.2     29   2.30    230    7.7  313.6  321.3  314.0
  604.8   4267   -1.3  -15.6     33   1.88    230   10.8  313.8  320.2  314.2
  560.2   4877   -7.1  -19.0     38   1.53    225   15.4  313.9  319.1  314.2
  546.0   5081   -9.1  -20.1     40   1.42    223   13.5  313.9  318.7  314.2
  541.0   5153   -8.5  -28.5     18   0.67    222   12.8  315.4  317.8  315.6
  506.0   5669  -11.5  -60.5      1   0.02    216    7.6  317.9  318.0  317.9
  500.0   5760  -12.3  -53.3      2   0.05    215    6.7  318.0  318.2  318.0
  477.9   6096  -15.0  -53.2      2   0.06    225    6.2  318.8  319.0  318.8
  400.0   7420  -25.7  -52.7      6   0.07    225   13.9  321.5  321.8  321.5
  388.7   7620  -27.4  -53.3      7   0.07    225   12.4  321.9  322.2  321.9
  312.5   9144  -40.5  -58.0     14   0.05    190   11.8  324.4  324.6  324.4
  300.0   9430  -42.9  -58.9     16   0.05    185   14.9  324.8  325.0  324.8
  278.0   9937  -47.7  -60.7     21   0.04    185   18.4  325.0  325.2  325.0
  250.0  10630  -52.3  -63.3     26   0.03    185   23.2  328.2  328.3  328.2
  248.5  10668  -52.6  -63.5     26   0.03    185   23.7  328.3  328.4  328.3
  207.0  11826  -61.7  -68.7     39   0.02    180   25.2  331.6  331.7  331.6
  200.0  12040  -60.7  -69.7     30   0.02    185   25.2  336.5  336.6  336.5
  156.0  13609  -53.3  -77.3      4   0.01    198   19.4  373.8  373.9  373.8
  150.0  13860  -54.3  -79.3      3   0.01    200   18.5  376.3  376.3  376.3
  120.7  15240  -60.3  -85.3      3   0.00    235   12.9  389.5  389.5  389.5
  119.0  15327  -60.7  -85.7      3   0.00    226   12.0  390.3  390.3  390.3
  109.0  15876  -60.1  -85.1      3   0.00    167    6.5  401.3  401.3  401.3
  101.0  16349  -64.1  -86.1      4   0.00    117    1.7  402.5  402.5  402.5
  100.0  16410  -64.5  -86.5      4   0.00    110    1.0  402.8  402.9  402.8
   96.9  16602  -66.1  -86.1      5   0.00    108    1.4  403.4  403.4  403.4
   73.4  18288  -65.2  -86.1      4   0.00     90    4.6  438.4  438.4  438.4
   70.0  18580  -65.1  -86.1      4   0.00    140    1.5  444.8  444.8  444.8
   64.7  19065  -60.7  -85.7      3   0.00    114    1.8  464.5  464.5  464.5
   50.0  20680  -57.3  -85.3      2   0.01     30    2.6  508.0  508.1  508.0
   46.0  21209  -55.1  -85.1      1   0.01     38    4.2  525.6  525.6  525.6
   45.1  21336  -55.4  -85.2      1   0.01     40    4.6  527.8  527.9  527.8
   37.9  22436  -58.1  -86.1      2   0.01     74    4.0  547.8  547.9  547.8
   30.0  23920  -54.3  -85.3      1   0.01    120    3.1  596.0  596.1  596.0
   28.2  24320  -51.9  -83.9      1   0.01    109    3.7  613.3  613.4  613.3
   22.6  25749  -54.3  -85.3      1   0.01     71    6.0  646.3  646.4  646.3
   20.0  26540  -50.9  -83.9      1   0.02     50    7.2  679.6  679.8  679.6
   17.4  27432  -49.7  -83.6      1   0.02    140    6.7  710.5  710.8  710.5
   17.1  27564  -49.5  -83.5      1   0.02    137    6.5  715.2  715.5  715.2
   15.6  28163  -51.1  -84.1      1   0.02    122    5.8  729.0  729.2  729.0
   12.4  29680  -44.5  -82.5      1   0.04     85    4.0  801.5  802.0  801.5
   11.0  30480  -46.6  -82.6      1   0.04     65    3.1  822.0  822.5  822.0
   10.3  30914  -47.7  -82.7      1   0.05     99    2.4  833.3  833.9  833.3
   10.0  31110  -46.9  -81.9      1   0.05    115    2.1  843.4  844.0  843.4
    8.8  31964  -42.7  -80.7      1   0.07                891.0  892.0  891.0
